PG0389-C	9	6	4	8	3	13	10	11	12	1	2	7	5	14	15
PG0390-C	8	13	11	3	4	10	14	12	2	6	15	7	1	5	9
PG0391-C	6	3	8	14	11	4	9	13	15	10	2	7	1	12	5
PG0392-C	4	15	3	14	11	6	8	9	1	12	10	2	5	7	13
PG0393-C	13	11	4	6	15	14	9	3	8	7	10	1	5	12	2
PG0394-C	8	11	13	6	9	15	4	14	12	2	3	7	10	1	5
PG0395-C	15	1	13	4	9	14	8	11	3	6	5	7	10	2	12
PG0396-C	5	9	15	11	2	1	4	6	14	8	13	7	3	10	12
PG0397-C	2	6	15	11	1	9	14	7	4	3	8	5	13	12	10
PG0398-C	15	9	2	13	8	10	14	6	1	7	3	4	11	5	12
PG0399-C	2	10	6	9	11	14	1	15	8	13	4	7	3	5	12
PG0400-C	11	13	2	7	3	6	10	1	15	4	9	8	14	12	5
PG0401-C	6	13	3	11	4	14	8	9	15	7	12	2	1	5	10
PG0402-C	6	14	8	11	9	4	3	15	13	7	1	12	10	5	2
PG0403-C	15	3	4	13	14	9	11	8	10	6	12	1	5	7	2
PG0404-C	13	14	3	9	5	11	4	8	2	15	10	1	6	12	7
PG0405-C	13	15	3	9	4	12	11	14	2	7	6	10	8	5	1
PG0406-C	13	4	8	9	11	3	6	7	2	14	15	12	5	10	1
PG0407-C	8	11	13	3	4	6	15	9	14	5	10	12	2	7	1
PG0408-C	13	10	15	14	12	1	4	8	2	6	9	11	3	7	5
PG0409-C	11	4	14	15	6	3	9	8	5	10	12	2	7	13	1
PG0410-C	3	11	13	15	12	4	9	5	1	6	2	10	8	14	7
PG0411-C	9	3	13	4	14	8	11	15	10	2	6	5	1	12	7
PG0412-C	9	8	13	11	3	4	14	2	1	10	12	5	7	6	15
PG0413-C	8	13	9	3	14	4	6	11	15	7	5	10	1	12	2
PG0414-C	6	13	11	2	1	8	10	4	7	12	5	9	3	15	14
PG0415-C	2	6	10	7	4	11	1	13	8	12	3	5	15	14	9
